image: map.png
resolution: 0.05
origin: [-1.8749999761581422, -1.925000047683716, 0.0000]
negate: 0
occupied_thresh: 0.75
free_thresh: 0.196